level 1:
00 00 00 00 00 00 00 00
00 00 00 00 00 00 00 00
00 00 00 00 00 00 00 00
00 00 00 00 00 00 00 00
00 00 00 00 00 00 00 00
00 00 00 00 00 00 00 00
00 00 00 00 00 00 00 00
00 00 00 00 00 00 00 00
00 00 00 00 00 00 00 00
08 18 40 00 00 00 00 00

level 2: 
48 c7 c7 92 38 f1 4d c3
00 00 00 00 00 00 00 00
00 00 00 00 00 00 00 00
00 00 00 00 00 00 00 00
00 00 00 00 00 00 00 00
00 00 00 00 00 00 00 00
00 00 00 00 00 00 00 00
00 00 00 00 00 00 00 00
00 00 00 00 00 00 00 00
b8 90 64 55 00 00 00 00
34 18 40 00 00 00 00 00

level 3:
48 c7 c7 00 0d 62 55 c3
00 00 00 00 00 00 00 00
00 00 00 00 00 00 00 00
00 00 00 00 00 00 00 00
00 00 00 00 00 00 00 00
00 00 00 00 00 00 00 00
00 00 00 00 00 00 00 00
00 00 00 00 00 00 00 00
00 91 64 55 00 00 00 00
09 19 40 00 00 00 00 00
34 64 66 31 33 38 39 32

level 4:
00 00 00 00 00 00 00 00
00 00 00 00 00 00 00 00
00 00 00 00 00 00 00 00
00 00 00 00 00 00 00 00
00 00 00 00 00 00 00 00
00 00 00 00 00 00 00 00
00 00 00 00 00 00 00 00
00 00 00 00 00 00 00 00
00 00 00 00 00 00 00 00 
c4 19 40 00 00 00 00 00 
92 38 f1 4d 00 00 00 00 
a0 19 40 00 00 00 00 00 
34 18 40 00 00 00 00 00 

level 5: 
00 00 00 00 00 00 00 00
00 00 00 00 00 00 00 00
00 00 00 00 00 00 00 00
00 00 00 00 00 00 00 00
00 00 00 00 00 00 00 00
00 00 00 00 00 00 00 00
00 00 00 00 00 00 00 00 
c0 19 40 00 00 00 00 00 
09 19 40 00 00 00 00 00 
9e 19 40 00 00 00 00 00 
09 19 40 00 00 00 00 00 
